A = [1 2 3 4 5 6 7 8]; %!RFILE [0,0]
B = [0 0 0 0 0 0 0 0]; %!RFILE [0,2]

B = A;

