
%  Motion estimation testcase

% Features:
%  - Motion estimation intermediate testing

% Constants
% 8 x 8 blocks, each block has 8 x 8 pixels
BLK_DIM = 8;
BLK_SIZE = BLK_DIM * BLK_DIM;
IMAGE_SIZE = BLK_SIZE * BLK_SIZE;
RFILE_SIZE = 32; % Size of a RegisterFile

% Memory declarations
sub_image_mem_top = fi([0.003601 0.003601 0.003662 0.003723 0.003815 0.003845 0.003540 0.003418 0.003479 0.003845 0.004120 0.004242 0.004303 0.004456 0.005096 0.003662 0.002014 0.001404 0.001831 0.002319 0.002106 0.001648 0.001831 0.001770 0.001617 0.001495 0.001404 0.001404 0.001465 0.001495 0.001831 0.001770 0.001740 0.001740 0.001801 0.001831 0.001801 0.001740 0.001556 0.001648 0.001801 0.001923 0.001923 0.001831 0.001678 0.001526 0.001343 0.001251 0.001343 0.001526 0.001526 0.001343 0.001251 0.001343 0.001740 0.001740 0.001740 0.001740 0.001740 0.001740 0.001740 0.001740 0.001465 0.001465 0.001495 0.001556 0.001617 0.001678 0.001740 0.001770 0.001648 0.001648 0.001678 0.001770 0.001801 0.001831 0.001923 0.001923 0.002075 0.002106 0.002167 0.002228 0.002319 0.002380 0.002472 0.002502 0.002747 0.002747 0.003052 0.002228 0.010010 0.009583 0.010010 0.009857 0.002563 0.002655 0.001801 0.002289 0.001923 0.002075 0.001953 0.001953 0.002014 0.002045 0.002106 0.002167 0.002197 0.002197 0.002228 0.002197 0.002167 0.002106 0.002075 0.002045 0.002014 0.001953 0.002106 0.002167 0.002167 0.002167 0.002197 0.002228 0.002228 0.002228 0.002441 0.002441 0.002472 0.002502 0.002563 0.002594 0.002625 0.002655 0.002655 0.002716 0.002747 0.002777 0.002869 0.002899 0.002930 0.002930 0.002869 0.002930 0.003113 0.003265 0.003326 0.003326 0.003296 0.003204 0.003448 0.003479 0.003479 0.003540 0.003571 0.003571 0.003601 0.003601 0.003693 0.003693 0.003693 0.003693 0.003693 0.003693 0.003693 0.003693 0.003845 0.003845 0.003815 0.003815 0.003754 0.003754 0.003723 0.003723 0.003662 0.003662 0.003662 0.003662 0.003662 0.003662 0.003662 0.003662 0.003448 0.003418 0.003387 0.003326 0.003326 0.003387 0.003448 0.003479 0.003448 0.003601 0.003723 0.003815 0.004120 0.004517 0.004639 0.004517 0.003937 0.002441 0.001221 0.001373 0.002045 0.002106 0.001740 0.001373 0.001801 0.001801 0.001770 0.001740 0.001740 0.001740 0.001740 0.001740 0.001404 0.001343 0.001251 0.001282 0.001373 0.001404 0.001343 0.001282 0.001251 0.001099 0.001007 0.001099 0.001343 0.001465 0.001343 0.001221 0.001495 0.001373 0.001373 0.001526 0.001526 0.001373 0.001373 0.001495 0.001404 0.001404 0.001404 0.001404 0.001404 0.001404 0.001404 0.001404 0.001495 0.001526 0.001556 0.001648 0.001740 0.001770 0.001801 0.001831 0.001801 0.001801 0.001831 0.001892 0.001892 0.001923 0.001923 0.001953 0.002014 0.002045 0.002106 0.002197 0.002319 0.002441 0.002502 0.002563 0.002441 0.002563 0.002777 0.002716 0.009949 0.009918 0.009949 0.009369 0.002716 0.002991 0.001740 0.002716 0.001831 0.002014 0.001923 0.001953 0.002014 0.002045 0.002075 0.002106 0.002167 0.002197 0.002075 0.002075 0.002045 0.002045 0.002014 0.002014 0.001953 0.001953 0.002075 0.002075 0.002075 0.002106 0.002106 0.002167 0.002167 0.002167 0.002228 0.002289 0.002319 0.002350 0.002380 0.002441 0.002472 0.002502 0.002563 0.002594 0.002594 0.002625 0.002655 0.002716 0.002747 0.002747 0.002594 0.002655 0.002838 0.002991 0.003052 0.003021 0.002930 0.002869 0.003296 0.003296 0.003296 0.003296 0.003296 0.003296 0.003326 0.003326 0.003418 0.003418 0.003418 0.003418 0.003418 0.003418 0.003418 0.003418 0.003387 0.003387 0.003326 0.003326 0.003296 0.003296 0.003265 0.003265 0.003540 0.003540 0.003540 0.003540 0.003540 0.003540 0.003540 0.003540 0.003540 0.003479 0.003418 0.003387 0.003387 0.003418 0.003448 0.003448 0.003326 0.003693 0.003723 0.003571 0.003754 0.004272 0.004303 0.003998 0.002075 0.001465 0.001373 0.002014 0.002228 0.001801 0.001801 0.002289 0.001648 0.001678 0.001740 0.001770 0.001801 0.001801 0.001801 0.001770 0.001892 0.001801 0.001770 0.001801 0.001892 0.001892 0.001831 0.001770 0.001923 0.001556 0.001251 0.001282 0.001617 0.001923 0.001953 0.001831 0.001465 0.001343 0.001282 0.001404 0.001404 0.001282 0.001343 0.001465 0.001404 0.001404 0.001404 0.001404 0.001404 0.001404 0.001404 0.001404 0.001404 0.001465 0.001495 0.001556 0.001648 0.001678 0.001770 0.001770 0.001801 0.001831 0.001831 0.001831 0.001831 0.001831 0.001831 0.001892 0.001801 0.001831 0.001953 0.002106 0.002228 0.002380 0.002502 0.002563 0.002563 0.002655 0.002625 0.003113 0.009583 0.010010 0.009949 0.009857 0.002655 0.002594 0.002289 0.002289 0.002197 0.002167 0.001953 0.002014 0.002014 0.002014 0.002014 0.002014 0.002014 0.002045 0.001923 0.001953 0.001953 0.002014 0.002014 0.002045 0.002045 0.002045 0.002045 0.002045 0.002045 0.002075 0.002106 0.002167 0.002167 0.002167 0.002197 0.002197 0.002197 0.002197 0.002228 0.002228 0.002228 0.002228 0.002502 0.002502 0.002502 0.002502 0.002563 0.002563 0.002563 0.002563 0.002625 0.002655 0.002747 0.002838 0.002869 0.002869 0.002869 0.002838 0.002899 0.002930 0.003021 0.003113 0.003143 0.003143 0.003113 0.003052 0.003113 0.003052 0.002991 0.002930 0.002930 0.002991 0.003021 0.003052 0.002991 0.003021 0.003021 0.003021 0.003052 0.003113 0.003113 0.003113 0.003113 0.003143 0.003143 0.003174 0.003204 0.003265 0.003265 0.003296 0.003265 0.003265 0.003265 0.003265 0.003265 0.003265 0.003296 0.003296 0.003571 0.003693 0.003601 0.003540 0.003845 0.004089 0.003540 0.002716 0.001190 0.001373 0.001678 0.002014 0.002167 0.002167 0.002106 0.002045 0.001526 0.001526 0.001831 0.002350 0.002441 0.002075 0.001801 0.001801 0.001953 0.001770 0.001678 0.001770 0.001953 0.002014 0.001770 0.001526 0.001465 0.001740 0.001953 0.001617 0.001099 0.001343 0.001678 0.001556 0.001465 0.001617 0.001465 0.001129 0.001251 0.001648 0.001556 0.001129 0.001343 0.001343 0.001343 0.001343 0.001373 0.001373 0.001373 0.001373 0.001465 0.001465 0.001495 0.001526 0.001617 0.001648 0.001678 0.001678 0.001617 0.001648 0.001678 0.001770 0.001801 0.001892 0.001923 0.001953 0.002045 0.002075 0.002106 0.002167 0.002228 0.002319 0.002350 0.002350 0.002350 0.002441 0.002594 0.002441 0.010010 0.010010 0.009949 0.009857 0.002625 0.002563 0.002197 0.002228 0.002106 0.002075 0.002014 0.002014 0.002014 0.002014 0.002014 0.002014 0.002014 0.002014 0.001953 0.001953 0.001953 0.001953 0.001953 0.001953 0.001953 0.001923 0.001953 0.002014 0.002014 0.002045 0.002045 0.002075 0.002075 0.002106 0.002167 0.002167 0.002167 0.002167 0.002197 0.002197 0.002228 0.002228 0.002441 0.002441 0.002472 0.002472 0.002472 0.002502 0.002502 0.002502 0.002563 0.002625 0.002716 0.002777 0.002838 0.002838 0.002777 0.002777 0.002838 0.002869 0.002930 0.003021 0.003052 0.003052 0.003021 0.003021 0.002930 0.002899 0.002869 0.002838 0.002869 0.002899 0.002930 0.002991 0.002930 0.002930 0.002991 0.002991 0.003021 0.003021 0.003052 0.003052 0.002991 0.002991 0.002991 0.002991 0.003021 0.003021 0.003021 0.003021 0.003174 0.003174 0.003174 0.003174 0.003174 0.003174 0.003174 0.003174 0.003143 0.003601 0.003815 0.003723 0.003876 0.003815 0.002625 0.001099 0.001007 0.001251 0.001648 0.001953 0.002167 0.002075 0.001923 0.001801 0.002075 0.002014 0.002106 0.002319 0.002197 0.001831 0.001678 0.001770 0.001556 0.001495 0.001465 0.001648 0.001892 0.001923 0.001740 0.001526 0.001801 0.001678 0.001801 0.001770 0.001556 0.001770 0.001923 0.001648 0.001617 0.001740 0.001526 0.001190 0.001221 0.001556 0.001526 0.001129 0.001343 0.001343 0.001373 0.001373 0.001373 0.001373 0.001373 0.001373 0.001465 0.001465 0.001495 0.001526 0.001556 0.001648 0.001648 0.001678 0.001617 0.001648 0.001678 0.001740 0.001801 0.001892 0.001923 0.001923 0.002014 0.002045 0.002075 0.002106 0.002197 0.002289 0.002319 0.002319 0.002319 0.002441 0.002594 0.002441 0.010010 0.010010 0.010010 0.009857 0.002625 0.002502 0.002106 0.002106 0.001953 0.001923 0.002014 0.002014 0.002014 0.002014 0.002014 0.002014 0.002014 0.002014 0.002014 0.001953 0.001923 0.001923 0.001831 0.001831 0.001801 0.001770 0.001892 0.001923 0.001923 0.001923 0.001953 0.001953 0.001953 0.002014 0.002045 0.002075 